13.1104606080492
23.5476698208774
6.05883612130948
10.0839594603652
11.5782166280137
18.4161336998243
19.5864136102061
10.6677168944337
24.9347429231405
18.9311985447276
23.2796952285073
12.2481170837112
16.7160434835708
29.8590238063563
20.6809230609097
24.3153213511731
19.2928832386925
3.05192859667665
30.0715730117634
14.9775737560121
21.854318738023
9.77921287042596
27.8719101529936
18.4155484197546
10.9318093941045
26.8114733901594
6.45382779606516
24.1569331947895
14.2625968796834
18.3675419501739
4.96150032505344
15.1249458981197
8.25053937367485
19.0982806534573
16.8513486185728
10.6818006462235
13.5596719466795
12.5017225195853
14.822203468195
21.5140184328042
17.8829228210721
10.0102026354466
15.7352017972868
17.2815291672394
28.6720801571555
10.8989785326073
13.5981901470238
24.1439248111374
21.9712597124077
10.7429551731786
12.9367923176904
19.4851331170191
21.4660025494053
24.5892789676016
19.3177903328124
13.2483768064723
15.7531078810786
8.62389231609814
11.0018479012588
11.0418901696786
6.8915826121002
26.0370440531431
10.3562651265533
25.114680690113
21.0597616554858
9.77377246237984
7.7006113441662
25.6679359269283
12.1118104222401
13.0646601634948
18.7937193471149
7.59762240840257
25.489935007734
13.4862464942449
19.6847834879806
24.9254485816308
8.28022285075019
7.3386328907485
11.5801393811642
17.0615419233095
7.74538167494768
20.0149422088073
24.7842464166206
22.3236298818259
10.9761667910346
17.024900608598
22.280278914696
20.6952484133282
10.5174866055202
9.74601898709344
5.51617215049249
20.6656857084876
7.63224466550913
15.4125906833599
10.7676753093355
9.26305838221116
20.9527100262315
24.4197756105507
24.7528875943474
18.619341821082
21.1106609437652
25.5800508563669
10.8422033339425
15.0479875745874
8.66224432004159
14.9346370253492
13.2258415507763
20.8382529689183
11.3815456783572
8.66494547639139
20.9405778711234
17.3537382229753
21.2947656660632
11.8582689225887
12.2342442723463
30.6800318362131
18.9668282205107
20.3492261984019
16.6026816441588
28.3835594849849
12.2018104398343
9.69110277738684
16.498770110051
24.1896869569273
20.2243349436549
16.1844541845909
20.4167409798037
3.09594988524234
6.38047346460094
21.2274562441347
19.0792912525229
17.1527480914993
21.755949577502
15.9030451244497
20.3019906029723
12.8701591096017
15.4871745030005
11.6489872574507
19.4635671756407
23.0238710581277
6.95791176150499
11.2671151237332
20.627928246863
23.5682442688007
7.94532974427661
8.30518710058642
19.0696455194521
22.2764106076918
7.73208648774952
16.3951779122589
13.2811556367651
7.78825349955593
21.6338082204331
18.4962199966159
10.3927013489215
19.9456268302749
26.8498825950637
9.75659468041833
13.2137529534683
3.91320031544556
22.3130408957676
16.2093839661633
20.0471163482416
13.818591676391
21.3105656111501
19.7665800396327
13.7675297162079
8.18870765876806
24.631095473518
21.9719059093074
11.8408161150146
15.8899484565413
13.2875612970564
8.18795053987416
16.2293755378387
18.6917607845821
9.94023239169235
21.8550931057117
10.6611274021327
7.25117823920926
16.0561117258243
14.7573904160128
19.2980943984102
10.370917660959
22.4205976566073
7.85633463862472
9.63528552780116
27.8865208847278
24.7759254726039
6.55811511217355
5.5831736865533
27.4763080248175
10.3014444385067
14.2908169760476
11.3398553324988
10.8912601005941
8.31765272541509
16.3248783567313
30.6128588261905
18.1995980052926
12.7109068846712
7.15463347024084
22.8141666251455
15.9769626181003
13.9164729364755
8.7145264551537
15.908814409717
10.1756375154018
11.3691558668506
33.9279422580132
16.0691920383686
8.97701047054023
27.2639081314083
7.051155321991
15.6104373545436
7.600601046916
13.6234732026113
11.2753737614
3.83993763571068
9.21150099210085
11.636320032719
13.8342959651
8.16598608951146
11.4247111557141
3.97089793689955
10.9613252975825
18.6655639287104
17.8746860354234
10.7326381606163
7.19390461568729
16.6703407886888
6.37512754441764
11.1088013264119
4.58769020706228
8.53132103652708
19.9355904226489
14.5092837074319
14.0407665826966
14.9891930999164
6.28854902611546
13.8859135760176
1.07614709438401
12.9407152453383
9.90399840601787
4.81384092954431
5.58045047379314
17.4117575467469
10.9399730192221
21.9659683612241
6.63154314977887
13.2670408259812
7.22846929780678
19.8454651244544
6.45927944768166
5.62959151395397
25.2554675667929
15.2005053958266
10.3964626135868
15.267352338968
4.19644839252442
3.83925829404562
16.6455956410508
5.64383460950969
13.996148810587
12.7894434606119
18.8516063670556
14.2907630025127
16.5960582536797
16.3392441546686
10.5964075051251
8.73669837005416
11.6377194202908
24.1191812601773
13.4923125741108
5.90437503077058
13.8783036133817
23.0917813344805
16.3416364591793
22.830120587612
9.15599432647588
13.4955307877738
6.2998499283226
8.12815161069063
14.648364242459
12.2065190510827
23.2145793751518
10.0302339937283
12.4337263428852
12.0371148692187
18.1718986446902
6.97812723255624
7.74206904979821
13.8810346119543
7.75278511823793
14.6614248875252
4.84901364542354
8.08311384951806
8.47407068213486
15.4904118522645
15.558659541154
18.1837745308436
17.9431529875869
9.07968042291802
7.38919069552378
7.8716180037859
10.5829819192698
7.02137272703595
9.52981523700685
3.73959906441662
6.87309753315422
16.6684309310148
22.9218937316953
4.85522971266294
6.22071290925397
17.5640185562947
13.2501882056578
9.87203576115323
4.1469141081443
17.8306370894565
18.4455956261524
11.6512105717437
19.3176516691775
16.6440151731032
13.5737227017461
16.4240573085917
7.25530305043679
14.3780527529956
18.0148372828731
6.65299933168428
17.1917667431164
15.0246214119958
19.3564120611634
7.84105258179016
14.5960626745649
7.65357373927116
10.5167631639894
17.2106649918099
16.8956366362132
7.87808945779451
14.8461692010606
15.4470775080432
4.02455598575049
9.21739567829448
17.8395571168857
4.39349852952331
21.2447287901227
8.09459130673221
5.10929819139952
5.66770975124835
8.22163552053492
12.4977153574094
15.9205686100135
28.0864135454345
12.295259976654
8.91873982788833
12.4940119257206
24.1948100656784
15.896276329722
16.8285334492002
6.48001295017216
19.1888537622571
20.0471352491285
16.5403936994092
8.2695344746042
5.52047515184645
10.8197716871148
8.49158645703345
11.0130167879078
14.8598627236406
14.2345710199078
15.7576445755747
5.76014678783728
18.5174112572369
8.26818869016878
14.4033264163458
12.9763198807138
18.8648928888398
22.5159925854629
18.2452917766142
4.50602058235794
16.5281906623455
9.42936686352998
9.07053210554306
5.42979690137759
5.8595954452459
10.2186005961151
17.1603428627884
11.2196794671769
4.32240746845864
11.8066193377263
7.63386773419468
23.5538317349621
10.7801990301393
8.40742346978716
14.4218690649534
18.452185128624
16.0381351327978
12.744308237914
8.8783807365369
9.58775261839472
11.0928654593209
12.0707280071874
8.85499308943327
4.82799889116975
7.2784924500274
4.51198319117061
10.059900545291
15.4446721355371
3.14314288441329
11.6998534782023
9.49667963694922
10.0842114553198
15.393794688198
13.9838254065599
10.0188452237407
10.7984679643321
11.233070137185
3.39339670937003
9.69867699792891
3.34053577390114
6.18665174923182
10.4534548985061
5.6730796547255
4.40717972217456
4.9612675105435
2.96394840953856
10.3746291967002
16.93288506681
8.51105496377854
8.14193666736244
9.99850881697987
3.40043992696489
6.4398511717871
8.54314199311162
18.054552096303
15.9293367319868
10.2133633144806
3.14825015939129
10.8739680204027
3.50767974943603
4.25975101405355
8.93970623261168
2.89457632158115
11.9486462492371
6.80733215683116
5.72009702285329
9.85742905640124
6.82580328290134
2.34570711600366
6.93036001671048
13.1724661996008
4.96136860216268
13.1978436193697
14.1548741448337
14.2889153435931
6.78211194996697
11.1622290063966
7.60306044833328
11.5862313400264
11.3292408887129
14.3034856081527
8.62384403712424
12.6115819219681
10.8364426352255
7.11028205414557
5.37614642325142
8.64013809893356
11.9326304928549
4.62241034036748
23.0817088022531
4.18676994281112
7.16259433237601
14.90700993548
6.16001991366107
13.5790500065111
12.1620479711835
11.6942946788038
5.3153598587622
4.26060000411179
14.0555762606341
2.72998386655382
20.3671777391691
7.26810392797188
10.9461204828589
9.42918587310798
2.70913149637633
13.3282337866909
5.45518275414332
13.8985151282122
5.83026423932066
14.5968072578961
10.9329312332428
10.4072629346561
9.8540600019067
5.90503324513301
11.4561922712851
13.6539749442921
5.31226368893218
17.093569421431
12.5148243887259
3.00122223778785
9.49232546859138
9.74878772638765
8.58999464748143
14.9294976808142
4.18730364736568
4.8564039426256
10.0789701824347
13.2359140808705
18.8177529236293
8.90249784393293
3.48277190540526
11.0221306674272
7.56893547843849
1.09542500793806
9.59735690888946
9.62180010473688
9.77546215089411
6.77018537135862
12.4968676654728
8.19010224297828
14.0313998298988
12.7609816611498
9.95509972947867
3.54521498495726
13.1616114261161
8.34878800648413
5.25264435400671
19.6129086986335
3.84075118459232
7.66543117779027
14.6304080569347
5.58776651610035
13.3968686293371
12.9290623389371
8.95199392858222
14.5598839187206
6.17793484577086
7.87052249815007
3.03307894421416
11.6503895060764
11.0445738108525
7.84687010264719
3.32707516252143
8.25669655069503
7.37608492572315
13.7454862729354
5.43448456349209
9.77111916222249
6.43702657622543
11.6169117907247
5.01847796357836
13.1470628634022
4.93912767036524
4.54765863865523
9.91479911391565
9.70276690559806
9.87631488912524
7.73143324616075
16.9815821637886
10.6700745440441
20.0827456200209
14.0791712633246
6.23973418837834
7.84258553194729
15.9724135669694
6.85681067301381
7.12257013271113
12.2926907315292
4.92578188342233
12.4642323474171
9.22361914363685
5.26631760543286
10.6144913494307
9.11511363415293
7.16655470257122
6.29556111277901
8.50631205227808
13.5988775949029
16.393121419019
14.7651927371463
10.8372315090638
1.43736599564729
25.8305629250728
13.3000312421207
6.6256702045587
11.0389317215875
12.3387391407685
16.3226400243148
14.6104189444869
6.12758259585273
6.17168508577396
11.4280940068698
11.3607164986631
3.23042220179204
16.3068549818929
3.56095394044375
5.84572906545438
8.66754054925886
3.92591981944032
20.0094460134399
21.9460575190842
15.9945822393497
15.73473554514
24.7867451130124
22.8997221275804
26.6466879670667
23.2853281222571
10.6703077696403
18.4830764040201
22.1818279213399
11.1607920738391
13.7184333612248
18.9184484728425
22.7095242483606
19.4236409050452
9.96977065224276
25.1918245807665
17.0775226498138
25.59609103733
26.9111029503561
20.4233525256038
24.7216777264925
27.3916599602962
14.6095174965448
21.6154936948826
25.8316556363346
20.5747912800829
27.3492400195351
17.8088091343298
8.17595363941988
9.53457177496668
20.3182407529634
29.4552884585797
24.4330609931611
18.356818049837
10.4735083930629
20.3154131925959
14.95641836354
25.2242270271109
18.4883025100939
19.3024434492824
22.7335039226563
14.135834734395
8.08560832012997
27.5866190476518
11.6708077988709
17.7245175013154
20.3746767353189
19.6547700450222
15.4550441731625
16.1159224949171
21.9906086951836
17.7481145185784
10.303719689272
17.9481452877064
23.6979354196467
26.8479632344174
23.3808749589105
18.6379432357431
15.6794523716093
17.6871815709154
20.9936818786325
11.6068889582775
12.0458912870482
16.2951975395907
15.0959262702299
8.53411804120878
21.799103390624
14.8053039594582
6.52288042401201
24.5021352602124
28.4804886749704
20.9690402319648
14.0953550448863
17.8479057302756
27.7289988946549
25.3209178533342
22.8513911653854
12.6284197501742
10.3297918211051
29.2527420047831
22.3380603419051
8.90499805538355
21.963275442987
23.3249329349752
26.3206511830854
22.2197685647084
26.3997137494906
25.4693414991951
27.3618326359776
20.1513282235429
18.9341289674854
16.10628739392
18.2581195957474
36.6854645545926
12.0716517547424
28.2110394641544
28.6741320811175
23.4744118675317
15.9662997752892
23.7190333131813
29.0327479189986
19.9504750137091
19.9065248470769
22.2808492368674
15.3004233133026
32.8677956721158
28.6246928071492
28.9697025969928
15.6017035753765
27.2455754302513
22.515450433908
29.7425278996131
27.1834636369842
29.3204929370529
29.3820847105429
16.1461862998522
34.3489811358933
19.1262360920186
22.7434021956461
15.3739041094855
17.7583927181514
13.4245568451655
27.0617745700911
13.5834383116619
20.1559777417063
16.8920535978957
11.7800474533983
29.1222899522745
24.5223884232986
21.9125143956059
30.1575820690365
29.5700427833643
15.7867948034013
14.8500814323938
15.3142839493752
7.86435616348091
14.1631525885076
34.8270348797399
23.548903714698
16.0812705819169
14.5351076869789
18.5593399522085
13.932315316329
25.72171623442
12.7858780304718
24.5585696193757
28.8614901486194
15.5688206751471
14.7031828866362
24.5436892297574
13.0827870943077
20.7954094179417
16.6639533628115
17.5246398833881
21.2788253158249
9.91976391127042
12.9482939573049
29.7212449304175
13.5125483825511
20.0224527178555
13.0345295663406
10.2094460023902
14.7623418060084
25.341422321602
17.0682520818401
14.1081528087354
19.72309637334
22.7686757532355
22.4684814573892
13.9838814119023
11.3171971762318
16.6440979690833
26.8512483779976
12.4851293501603
21.923872309849
14.658383868396
27.3898760559694
27.0924724326824
20.6710516673965
26.2183818443831
18.1331801101462
29.3283541432443
18.0626531072533
12.0255310593725
15.6855224892589
12.9987147165375
16.5106747428028
8.94054282466156
10.2986583843201
10.0932862103267
16.1079025346014
13.411681178686
5.75672982126134
12.6349608916929
27.16774263507
18.1582958455314
10.7910492210787
25.5376488056452
15.9650111143572
6.72919033509154
25.0709893301052
9.249056370494
24.6636761481955
7.9581416746078
16.48871102656
25.8818294871618
13.6190333161206
18.0491022553985
20.7290117526821
22.3754413879951
10.1705853155188
20.3689156508351
11.8336024499831
19.78349741465
9.28827724119633
14.1576558175372
17.6723754229323
9.84605669572151
11.0170449246086
5.06002282314881
12.2665729328098
5.55801788188662
9.55625650369223
7.37682626270258
14.82089859877
31.0878480704472
13.4557557770136
7.63621504878262
9.80537153403452
19.3910953894498
12.9891802679245
12.7191738029552
12.4467381855262
9.34994757830191
13.4920417938413
15.9712851328878
7.83724214210551
9.71782469774058
9.03266349656958
7.10036459189363
16.8942193350319
20.8717679918646
14.7092706582527
22.2924111233952
8.64291721402497
22.1821082779215
5.47216679322101
16.6616597105692
16.6629862495245
6.48093025739161
11.3466896537893
6.43876599956283
10.6980606923535
18.7406201747187
7.5401196195517
12.3417848598513
16.5390229051256
6.62103418470843
28.0776017001345
12.2450589005486
24.8516267839273
17.0174230316238
11.3192705901849
13.3997086734395
10.9962373722463
11.5674068838068
7.25499482543125
9.16172789341921
16.8604787056812
16.5431289339916
20.2148237676852
19.3420800639647
23.3718702504204
5.53732722945191
11.6062384725783
16.4518502722427
6.1316013081812
6.18897542476813
16.2968867447508
10.5604139203268
20.994176935154
7.39156909740036
8.68301444893527
14.1012036992951
12.9171625538084
20.1562803537261
7.11798931487587
18.4897677690249
18.7983925929683
10.8766176184165
10.6545475163391
18.4331189709549
14.8573926092534
16.7806703599642
5.5902932465621
21.294418445381
13.4805771107218
5.04105904231757
6.93426360686216
5.83451633631342
11.3337772904506
25.1852164957921
7.87463040533992
14.770215010678
10.3690536617765
5.90626137068383
1.37048427829082
17.0279516455258
18.5754022052033
5.61039773546274
9.14611273888105
7.05010243782309
14.1615663283496
9.99809358771848
12.9896268343678
11.2572356535755
8.0326775932889
20.8072095385886
6.69168914475848
19.4110861904644
20.4932951060009
9.61362846951053
13.5444076017929
15.7633962748006
19.2799043979659
31.476292402872
13.464660086258
5.99637152809627
11.6294394012971
14.7998928956712
13.5571255593204
10.1743669382773
14.1884166854596
16.3769122846464
16.9242558627565
27.1624196155315
19.7514936288598
13.279359478774
8.43654486668069
14.0574446116325
7.47339576168458
9.81315984707607
24.6179287583692
12.0558236395699
8.23671236766943
15.5013090379977
15.1141916616327
11.5161902308007
23.529289893605
34.6427365457322
15.2844351331512
12.0995489258399
18.8227956205544
5.72815209502879
15.1673324771892
9.00256069175483
10.6674112258808
15.5511820802043
15.3208144548223
7.68857012785471
6.53905238131904
5.07635011621262
9.89712237228937
10.9357146498153
15.1106206280832
9.75008295349579
24.1337634710724
9.49970711541076
8.55762554666906
17.5371481121096
7.51973937227296
19.4341106987714
14.0893011636084
12.8726054943154
16.7016901060991
21.0687285211443
15.0190233974436
8.6412300638763
20.9903601607992
25.8005312534859
26.1505363424051
14.0722866968406
5.6506004354706
15.3918338318727
15.5380358065606
30.7133497713611
11.4346980909278
10.4908971654552
13.9803434819524
15.2791982226498
8.42661410186406
9.06344857002151
31.2041328382056
4.64504166322694
13.3181692543349
26.1250163151807
14.0809060207108
23.7911929497635
8.0079139952983
6.82300905196115
8.08204087241037
11.7338931017494
9.80474500263617
10.6888030882015
10.3150193208492
16.6091327669182
5.13443080647776
4.10609023420915
5.1386723342905
6.45925896698284
4.83036659878725
4.45814085096213
14.0044277558148
8.98115755014311
8.99143563979937
16.3312573287403
6.96293787825628
6.75618618050052
5.58636443272798
15.6070605633736
12.4374521494399
16.9123775692817
5.14510805012358
11.0520756134327
10.983745918854
5.50403116780925
8.45019742458852
3.90445348752736
14.7423437377655
11.3934748058741
10.4058518432161
8.0646882660171
14.5530559866776
5.55213873896561
5.86245072691865
5.29802935087257
11.2944846715417
4.38144711801847
4.55208958820222
13.9272402032467
8.35094500401383
11.4307914886474
13.7129177476789
3.11959096273496
7.67794704469377
12.4750317001805
6.88252029618266
1.16522709789239
5.75057029942403
14.8928007042442
5.42671614647336
3.51789435317884
13.6416401276507
12.954544310353
5.84764652717601
11.8998844468388
13.4149831387916
5.80600615390161
10.857855298993
4.18605352523553
5.40249194433554
9.14891942625078
4.28417072594258
8.03206424483276
7.91450954873739
11.0585463810968
6.92544000808166
12.8094941392301
3.68776167841598
7.63223509333958
9.97578057416865
14.7441385352462
10.5470549284297
2.80943077689517
6.91039377236301
5.1612666941562
4.35005245727109
8.74248346799677
12.8452390494577
15.9155598687401
6.7702841806087
9.72508277944496
11.2056066141311
5.28087284205566
10.3157419885241
15.5577029537602
3.42162102992676
8.16755217905856
11.8215817248287
14.6038714137976
6.07659701259785
17.9939854390408
17.4078121384894
8.61675028221288
8.85189757756546
5.00608907195909
7.77135958806754
9.62309041629176
14.1327787070583
3.32599400325362
17.0093533724604
17.086272957728
3.54101518315218
14.5293478694153
4.87229954871058
13.1900477483353
9.30414509899789
5.90173677956966
10.5664326677065
17.8797820132059
21.2673910894351
11.1681374216251
17.2911798883821
10.8237683209165
10.3423906893873
12.0271240528437
5.53427142117329
6.27673519677876
19.4404093868371
9.35496397635814
8.76295926722859
17.769304660718
11.8052002564618
12.2291473500145
6.1129559037023
7.99353196782676
9.41110046436459
12.5205194844985
15.3357880040886
10.6355807061098
7.47956233313724
4.30449945235897
7.76549494798078
16.8756744558381
24.6505986521843
10.5115769633209
1.21364202630854
5.4522217447122
13.420469858679
8.20156916084311
5.38603443419698
5.8762074831837
9.9229882604482
5.5445862922787
14.5052760651046
4.69981098750426
8.49465827015399
16.2704108577281
5.99707641247404
5.2121369713785
10.0019174354039
8.38252514783387
6.44405472040937
5.97841063258292
11.974983622503
4.27528856315913
10.4142876093789
14.684343498818
8.45236290289533
7.09677968302531
7.1306146856907
3.55666480091127
11.992669628613
21.0546175479462
5.60340762153671
11.8234898272183
8.44011732496537
12.8051032194986
19.6695397039908
4.5226960502184
6.45844393162365
5.10886968132083
8.82640533773214
12.5442798775393
3.0446557324575
8.59086617734857
7.64149050306224
5.69524609249615
5.7747738305619
4.17976148287808
8.68636010298197
6.06216948185929
14.7724110207542
6.39506903499738
4.83362757198818
11.7816770300737
14.6849588107621
10.7470179235022
14.5131205214869
12.6557233821649
17.2673863076265
5.71100747916903
9.73708723335202
8.43785353329363
12.4170062317252
4.96628504593296
5.41944151464457
5.96876120157807
28.1272363043884
23.5691046768246
34.5146767805648
32.224579346756
22.819751183871
18.0178396649194
29.2659017531874
24.9153677248562
38.9153955654371
27.8628291589716
23.8813203268567
31.580459307628
21.6855259826099
19.5031049550922
26.0400664091878
19.4149135891493
26.0020381630533
23.5958793481503
42.7600935350137
18.1733843878295
29.4892020555285
25.8306833527407
33.6666017023029
27.4294922089725
35.765929598125
35.3346501041274
19.6688849792172
37.8672349012048
35.3698346978716
20.5795526523597
19.2850728433218
28.7986274515263
34.9767189362793
12.1523648401545
31.0206607812849
14.9820871180231
25.1910939053102
26.9329347045435
29.0630908045012
13.8195060441756
26.3206705476744
32.4070555074919
42.9144727442606
22.8821365227959
35.1862318931632
19.9153358798019
39.6476133750636
24.4502894537409
31.0623957773381
31.5571504805326
20.9076243909191
37.6836788348586
25.897531218189
30.1319214893946
23.6014680224195
28.9593036526218
27.9888536656123
30.6656084386485
35.4208757229008
30.3594740993117
28.29177791991
35.0444682021672
40.9147262081301
29.4788841228402
17.1017020165949
35.9145568198264
26.2401769591097
31.5321044644256
23.9609570647968
28.0083751469384
28.4057927880765
45.3587861279398
21.5708950053886
12.4600848840218
42.5217158182563
24.2951651187993
31.9173262045185
25.5867264542114
37.0663300676563
14.7855319327514
36.101138378116
13.2612094340479
25.7086275370621
36.4118537269684
49.574275600435
22.5597650556968
21.6650563505646
25.66248029551
15.440881819818
21.3642996690699
22.0446999124301
29.5543813710319
27.7331270085685
23.2185286163063
41.5009169248592
24.9596753087783
36.4936539495153
36.4050487411479
30.0136605120555
21.5459666839908
27.2682289263537
28.3032217835161
33.5106010115988
42.4864182106878
32.5318464482817
33.2856235375254
34.1287541357777
26.153972975603
27.7341064842099
22.7790261095848
41.1580733569521
29.2790157964315
15.5675519285623
40.7991991276954
27.6109569935314
25.4014773493116
31.2305534468691
9.3912446357335
23.0607341920041
23.8305133769198
26.6177890349257
34.5568287357167
19.7949804614952
25.3259169376938
22.0447498092488
32.1335299816048
43.3040260078269
28.6515245547846
28.2991948299477
38.3833594521452
34.8746054602797
21.9013840257654
41.3846717462498
24.1602047308995
26.1529156589913
29.6410143991726
27.967129644662
26.0614018040839
24.2085547013195
20.2990872175859
36.0929949631049
24.4469864259626
15.0510751089518
23.6116407198856
28.3594499525784
30.5346737953199
38.8533121619005
38.8448627088891
23.0772485109399
23.9123394137517
28.5203665538163
23.8716090293152
21.6139823340117
24.407619282874
36.6661528953825
27.8987592835346
37.4902570075253
28.373574081423
28.771710367198
32.5465702596389
18.727713516315
26.4565003586304
45.557864396763
20.6829829809114
18.0809159011435
29.7783815121618
26.6110431705965
27.3054917368898
29.6913194922883
39.8365771943178
26.1103238710913
25.1902803388853
10.7805006304385
38.6750814790081
33.8599117498736
19.4476616296478
31.4661673500086
38.7328073346611
19.4086798351175
28.2541749634041
21.4363528779254
20.6009872774362
36.7397847926438
29.8894359650242
22.0255741491221
33.39314149421
19.6814813283987
19.2858781992895
23.4581230030578
21.0250937440382
34.08006992877
25.048063593607
19.544664787475
26.0993517508031
24.5588585928288
14.4022118539891
19.7415221727933
19.867074935808
30.417332920381
24.9874858548406
12.3296230638748
11.7233153574874
15.495192491991
24.5578109061217
9.38127126769284
9.22383517755148
18.28726930496
18.5381479986849
19.2604837109895
15.158771854365
12.2971844234232
17.9494941464257
9.55945367675722
15.8189270493059
17.4620101071261
8.7238893873405
19.8984998469599
9.60364848957534
16.8817218511414
10.3670178789012
16.3388872913199
9.69645850434164
20.0459833268795
16.3486672562409
19.8593561326573
19.5873153761705
14.8818041144156
12.0661470007044
26.6774978410701
10.2808012834939
20.3418081961876
18.4939127862371
7.61653803809669
9.72226569083753
13.1917970134003
18.4393781849797
15.2736787636561
27.2339866329829
25.6896489731003
17.2235155830917
16.3768420163081
7.18198457006871
20.2476293294945
14.9719726784431
10.5726038940672
7.06841423241999
18.1076545943936
23.3691027803289
12.9502857619772
18.4929116882975
18.966572721594
22.3519679232588
7.93129207970196
12.6818826404082
20.3270772701382
14.23523116892
21.1941702068002
14.2579121714582
8.34785195058702
18.4956314945331
20.913561506573
7.13853043094454
3.53089299058442
14.800509106798
21.8858701938518
9.8057499208747
12.938465718691
17.729826498641
8.77330123614937
13.2332746461219
24.0197669099954
8.6703998284475
20.9202224678463
16.910250519048
18.3534420058238
12.3388632062181
8.37040098402326
21.1897856431234
8.12911488852394
7.84011620156004
15.5916493597238
12.328304233941
7.70841210467005
13.3104505051456
8.69601582057472
22.9662237316068
12.0328412200372
10.0728920112015
20.5436683016221
17.2813099572155
8.56103662364634
22.7205291860086
9.90139684687113
29.5046355156213
22.8838363353212
17.4600814614925
21.8308364604831
16.3051068358016
18.2105069403783
10.2009985910266
21.0753106936253
18.5853783737206
21.4822738940424
14.6876774995111
11.8872435622324
8.64012125433973
11.6425676488632
13.5061026242921
37.2664764308102
16.4368803685357
16.1333783300206
21.9180437281852
23.7364015870202
5.98875122268117
13.4692570464633
25.9913003970039
11.147823213199
22.8019154527553
27.9688188436363
16.8346806002099
6.2029950863278
17.9963674070116
17.459692040581
17.214011027634
16.4555906122254
23.1346336240617
18.2502274420315
29.8358872069501
9.61846557743062
11.5630114502287
16.6683599540291
7.99639462374288
18.1414050889144
20.775564713571
10.5452117546687
17.0181820164835
19.9159002051019
21.4420168103735
19.1333859179097
14.5379269716495
17.8338534578924
11.5763931902219
12.6204517407457
8.50411241755024
30.2075748406047
29.1817048803025
9.01438788972382
16.2342245710105
5.3863065363712
9.29864673343611
23.9070584698424
9.31211630706319
15.1147738359835
13.7311974090947
6.90390747170113
12.5270697449676
13.7147337121679
5.42967049254137
12.9183304712918
12.694365034428
17.7121946061274
16.171365533056
18.0995366811029
23.3323172154732
13.5452285178294
9.00050018926308
20.8736273204158
16.8981651107301
9.47111003546129
14.444762319245
15.6933501687253
11.2169974844524
13.5294342914296
16.3983599068873
22.7082895277502
11.7685312781272
7.1198302233076
20.6956383262162
9.8122671979455
26.1665643042033
22.3583812332882
7.02285853148473
20.0245143137236
23.0137633433621
18.8367383353873
18.675870945271
16.6342224001139
7.74686254124485
16.8570412062392
19.5641259856345
18.5139508642393
27.0109462866673
26.6820260881344
21.0949497972555
14.7430415564871
6.97827296753988
18.4167620795847
13.1237909733569
14.9257607152178
12.6193022348802
6.30869150042426
13.2252636058271
23.7692863831189
8.15545636389423
10.0918725262267
6.46619105590623
17.2902894825531
6.65431922375549
4.30916288075859
8.89211066212576
10.5602754629208
9.85101151626692
4.68878804823918
3.02848165248711
3.44924427953523
12.2462211038537
7.67105188594645
6.38762414131414
11.3825037856977
21.9548870232766
6.72920453411466
8.29085893937657
11.095374296451
5.30255518749335
12.3357876085432
18.2892908738916
8.76394295918268
12.6541506887416
4.03631544330413
7.67108438179996
10.8517604411105
6.97907949908671
9.89108663452687
8.94584767255462
18.7814009240536
8.38614676232275
11.825136689036
16.8013892944434
6.18700357679166
19.6832723667971
12.2383030688167
10.0751486662784
9.72099309127417
13.0704516076713
11.3064467751893
10.8389317191896
7.85057421661765
7.20490354599811
10.0020642275606
9.57706277309773
5.19833534859634
10.9362913183661
5.31185574603292
8.71292337975528
13.5224968294401
7.6953420197131
10.6909528352899
4.52490184933232
9.19284774297698
10.426718425831
8.06507875660333
13.5493121867446
7.76576939468534
27.9576451140123
8.49677283100604
15.0767127149698
9.21671215225909
6.21253801070909
4.61548176530474
20.5597174777892
7.1565278525361
11.0084365655992
8.15385397664179
20.0622199933177
17.0319703966351
8.85383704425178
5.51851320965278
7.10579764889914
12.6866030395542
8.20805490062338
7.3931275585737
9.44399197673225
6.88869182842513
14.1533015313236
15.5927992352619
13.1602317605316
6.97167704500903
14.2676049655807
6.43872351419954
7.37381987864076
15.4610355714498
3.9800179826108
13.5437066543135
5.17752015904685
17.9457710685602
11.9400217632406
5.2058109531411
10.3346919910951
6.98292259180027
11.7255920161978
3.05969145903385
5.8936636123735
22.0721955302517
10.3532559170029
7.62614380302282
11.5697197130946
5.01787282764869
4.33763174151752
7.43136927915447
11.3057023615141
10.9339172553373
9.74024135587425
12.7490779236118
10.8026107377858
11.0295916815471
13.0611491952001
16.9107586410737
8.88820925685313
3.82644131360291
7.84145922023755
4.0460878022439
10.7464543350949
7.01746584339561
5.41310375334251
14.2516049701834
14.8923772114163
16.9104683008139
7.07906666362742
7.20094341491682
2.76483436154407
16.4998441719608
4.50959679771913
5.40135819875463
9.75791677246221
6.1634417317084
8.57198115798442
10.3370360076116
6.63313003685433
11.3366021106883
4.66503503153867
8.51140779389296
5.14613388188527
10.6292635377132
17.0076846348037
14.1157063952479
9.24790978501768
8.23345300894787
1.89139689293032
9.74095997052722
9.60717479369267
13.9329270905349
6.18506467007816
13.4617547470618
13.8901354030137
6.99081383714168
12.0624780032461
13.2934765504164
13.6633389062054
17.748355293666
16.7420704783774
18.1860787880967
14.5573620898125
11.8784761407603
6.21071321290344
12.2962351540108
16.121063476374
7.24912904009041
8.01988057319778
15.0352485315608
12.0627832378015
5.2876817181105
8.81901844130382
16.8442824943014
8.41795640587889
12.3538846661181
11.8455368447946
10.4791014607379
10.5698145084769
6.40884878814258
11.7641727504365
7.36234726241149
6.25900645660229
9.29031586478914
11.4418677141566
5.41565004176322
18.6830380193304
15.2722779952207
2.50846116228042
2.92376119459779
5.8556325058081
10.4413412636669
14.5817425185077
11.9160152920799
13.5532911642507
12.543771670435
9.13454363127191
24.3761898592269
9.23643382888919
11.821095327398
3.09095375921392