0.9511598683195188
0.48964884709566836
0.3395173544529826
0.6032329387729988
0.10431008315645159
0.19990070704370738
0.41634455772582446
0.7757417527493089
0.27621961117256433
0.544836627994664
0.18090147709008308
0.9322704052552581
0.7679666572483257
0.2928979927208275
0.21597971587907522
0.26999799434561284
0.2877650352893397
0.4628204545937479
0.26837309850379826
0.7311941468622536
0.4074079927988351
0.14714557048864663
0.2891983675537631
0.8145911445142702
0.5362045036396011
0.5267221816815436
0.29233349186833946
0.3605327755678446
0.10224940273910761
0.8026856608688832
0.5772578979842365
0.542981921741739
0.42061074590310454
0.2922943368554115
0.20741128560621291
0.2638301922706887
0.7099680642131716
0.7365828064037487
0.6946335182059556
0.9592291832901537
0.45047488708514727
0.1843132744077593
0.11221076408401132
0.31173511876258997
0.536044425633736
0.5220043600071221
0.9301142159849405
0.6229717843001709
0.13406418419908733
0.6800887496909127
0.3181493995012715
0.6086494696093723
0.17248642768245193
0.31803036264609547
0.10152889811433852
0.5369820846244693
0.6742564355954528
0.959536368935369
0.7589427283732221
0.45827952628023927
0.9201129146618768
0.40342772642616187
0.9298067971132695
0.5221336299087852
0.5939637851668522
0.6448944611474872
0.7088263662299141
0.619896306656301
0.961707355407998
0.19737285936716945
0.38226989656686783
0.7562834493117407
0.40684505139943217
0.4841839656699449
0.29181454246863725
0.480372714297846
0.4898057764396072
0.8310685952892527
0.3248448113678023
0.6769547267584131
0.5807858299231157
0.7034528020769357
0.657091363449581
0.19011042641941459
0.8744031006935984
0.7823802563128993
0.2474583094706759
0.18125766376033425
0.4172250303439796
0.9485908979782834
0.16452856645919384
0.4378791495226324
0.7365675582550466
0.45319337863475084
0.9811507510021329
0.9546415401156991
0.4556206145556644
0.3680060827406123
0.22516496935859323
0.8945921302773059
0.5387543202843518
0.8349045829148963
0.47078646826557813
0.29779959348961715
0.9010231473715976
0.6608116124989465
0.15538828314747663
0.28303452613763513
0.5195623298175633
0.6402673643548041
0.5262023649644106
0.26400296634528786
0.2926408558385447
0.652024076343514
0.1934499027905986
0.8961618455359712
0.16267271188553423
0.5829544403357432
0.15203065786045045
0.35092979108449074
0.6303883348824456
0.8413151502609253
0.2364002211485058
0.22460407419130207
0.37204112401232126
0.41781462598592045
0.1919526386074722
0.8473774153739214
0.29705289248377087
0.525785104604438
0.47490462909918285
0.39503293146844953
0.5917075847042724
0.2622894890839234
0.8213406638707965
0.7253956449450925
0.4335182276088745
0.6852856356883421
0.7868849626509473
0.2937105329474434
