7.609838634496555
7.311064130626619
2.3493182780221105
2.259113728068769
5.569241003599018
1.7255850262008607
3.6575875494163483
7.412177306367084
7.223861911334097
7.896778274560347
5.826436163159087
3.5503949855919927
9.979934270726517
8.259934206027538
8.800574166933075
3.835027182009071
6.322700486751273
8.450268843444064
7.043710376834497
5.713746537687257
2.9895763220265508
8.471279544290155
7.263173988554627
4.266834649257362
6.082123277941719
5.407386604230851
8.622849960345775
4.455693908268586
7.210896561387926
8.793019702192396
4.318393506342545
2.980160016566515
5.079570543020964
9.407550672069192
5.334585994947702
7.587395751383156
1.2716844819951802
9.452107509365305
3.0679422090761364
8.124018953414634
3.7742744646966457
2.9241488999687135
7.790366459870711
2.022443060297519
1.2671185261569917
1.8320038188248873
4.090834470232949
4.671323541086167
8.148292157100514
7.546289963647723
6.963724525645375
6.450456134742126
3.675591695122421
5.298711359268054
3.8667869130149484
7.795559421880171
5.243243463337421
8.835508418036625
9.719672059640288
2.0639052130281925
5.675067962612957
7.839713971829042
3.2824306876864284
9.921622784808278
4.3465111893601716
7.976760664023459
5.883438651449978
3.1502536612097174
8.863181732362136
9.932292283279821
3.927327800774947
9.699945556465536
8.617801081156358
5.4412026109639555
4.913042995845899
4.278252664254978
1.4122753906995058
6.625236206222326
7.813538792775944
7.6439909839536995
8.677676167106256
2.0610654200427234
3.8714500528294593
5.271154192974791
6.113450921839103
2.855609002755955
4.991823990363628
8.602753783809021
6.260806497884914
3.7473292087670416
6.6245640844572335
3.022558656288311
1.2622510648798198
3.8577747577801347
7.967989207711071
2.731184576638043
2.514150084462017
2.0197723512537777
7.507723970105872
9.085968425031751
8.948877776041627
5.799789059907198
9.541608943371102
7.824585349066183
8.295234411023557
1.7485738289542496
5.261646453524008
2.7262250611092895
2.313409287016839
7.409497576300055
7.502753030043095
5.37634188728407
9.732837778981775
7.316984405042604
7.1075142284389585
8.772532576927915
1.6857184923719615
9.654104796005413
5.177604777505621
2.120143678272143
6.053349097026512
8.018573167733848
3.252286664908752
1.3619463830254972
6.991087043192238
9.392773795872927
8.04145503626205
5.025687658693641
9.755240026628599
4.968892767094076
3.383006950141862
3.5454223481938243
1.1573407696560025
9.589803226990625
6.140384868485853
4.731663302984089
7.338571363827214
4.173085780115798
3.517295862082392
4.482549337437376
