7.540887454524636
5.802208576351404
-7.160175386816263
-5.5595952877774835
3.7081006169319153
7.977233123965561
3.2572706462815404
2.7792851021513343
-4.457729808054864
-4.134566993452609
4.650656119920313
6.823867708444595
-6.020564958453178
5.323504977859557
-1.3187171425670385
-9.321930417791009
-9.221369428560138
8.237185184843838
-5.656242109835148
-5.850037946365774
0.13983011711388826
5.7272223848849535
1.4363758638501167
-4.790872815065086
7.765898951329291
8.729410450905561
-9.024514239281416
3.6491227941587567
5.746336947195232
9.510870170779526
5.526330377906561
1.917360508814454
1.07501782476902
0.3315918706357479
5.766056575812399
-8.916428815573454
3.13481368124485
7.351840604096651
3.4152271831408143
4.282594104297459
-2.4241906916722655
0.20563630852848291
2.66700210981071
-3.3195336209610105
4.978995327837765
0.8649503532797098
-9.71879459451884
-9.323312249034643
-6.867135977372527
-8.213698077015579
3.968224790878594
3.5219497513026
-8.696179492399096
6.776860496029258
-1.8766985926777124
7.684279237873852
-4.784041391685605
4.963436052203178
-3.506660023704171
-5.051426594145596
-3.157804664224386
-9.052964919246733
5.972506054677069
2.3914745822548866
3.2175365975126624
8.498087818734348
-6.8328790832310915
-8.830559235066175
9.807996433228254
-6.609940049238503
-7.2839940851554275
3.927607689984143
-8.895024470984936
1.4909442653879523
9.793727551586926
8.035436146892607
-3.2416710862889886
2.2209100471809506
8.784299166873097
-1.7275115149095654
2.223035218194127
-6.5740955993533134
-2.2930006915703416
9.943001260980964
-4.831354198977351
7.905619814991951
-9.825479104183614
-7.531827660277486
-2.435254668816924
9.367086687125266
-8.158781491219997
1.1648299498483539
9.644390023313463
-8.733830754645169
3.0675994930788875
-3.742295387201011
1.6495878947898746
-8.706176951527596
-0.09739607572555542
-2.3867501877248287
6.2118345173075795
-9.572588228620589
4.712720769457519
-8.560122060589492
-5.358384195715189
-8.061576155014336
3.1589793134480715
-4.751063296571374
8.6463901726529
-6.944884741678834
3.7491877051070333
-4.994098148308694
5.330325602553785
-2.952953726053238
-0.27157592587172985
6.469180989079177
-4.35830851085484
-0.9477433050051332
3.9722117502242327
-8.149374779313803
-1.975383604876697
-9.084625048562884
-9.503446468152106
-5.210923268459737
0.27432349044829607
-8.405490377917886
6.672273939475417
2.1475496562197804
0.033382270485162735
2.1663849148899317
4.255937524139881
-0.36759656853973866
7.971958857960999
-7.86530296318233
1.6812067292630672
4.868387612514198
-5.920434575527906
2.7573850890621543
-3.1204389547929168
5.853123511187732
