10.4615406078242
7.59459428192447
4.17685205865831
17.4331083015747
8.05754209070803
12.0523868658998
12.110684708938
4.0452649454813
26.4336300209369
7.17312226103426
10.6852575138235
9.12015517780832
22.5605550829831
7.05272945019663
4.52676544218074
11.2079692032106
6.79553236316751
9.29825948563024
3.83675599721129
13.8413936134409
9.54596838985196
9.01912812401404
11.4933132272962
18.6827004957454
13.1453260501587
5.7228032173147
3.04553925713468
7.41828152560358
6.8734384371084
16.4401697525639
4.68962624401281
19.7650566615445
4.12729305005537
8.56822231088863
8.17532469737599
18.1275475543444
8.87524713968297
13.3650319325686
16.0302140279732
13.5680869086219
18.9291954509255
20.1391546842718
4.18417403185817
16.716994241083
4.38608216500208
5.98125009606136
9.59174528598275
4.20336679125207
10.4918612228923
22.181913468139
6.12421412851882
11.4348511203483
12.0615915410462
7.62855641655468
7.32790260105317
2.99762375526
9.46160236751804
2.90278296415945
5.33138659904055
5.82491303293016
5.53937199064742
9.24893838810586
10.1787620075306
11.3490683080723
7.8452932134692
25.4952172121558
13.376783874772
6.87223659871494
7.554448773403
4.89438821365267
3.67301746331382
15.1132587484168
18.0643667679217
5.6079145212126
17.0102938341122
14.6813101416398
17.8274241416236
8.35347560452309
4.90627638030823
5.04631106293223
2.91684087073089
11.8655315319404
6.49589870548571
8.07368261775079
12.8596690778281
5.12344599629957
8.49821563351872
21.509891575429
5.41160811690553
7.78074336793387
10.0730626001915
11.4999170159539
8.85448757501041
10.338989731926
6.0234198638516
9.83257305199293
21.7791679370595
13.9198885318375
14.2134574526661
4.90533676270269
6.5450042315361
5.8912761065405
10.0137429571269
7.9132935382853
6.95500745429203
12.496689362586
16.7306557013447
6.27946057047913
10.2771712371278
13.6024496300901
10.3588553874191
9.28717241842782
4.09074751000609
15.4981589986545
11.1152136685123
9.68543874338584
5.02661942990448
8.36012651128762
13.8288618084385
9.77388965380709
9.3110940106809
10.187429471852
11.7713788939674
7.74413386216267
25.0789073815751
8.421626512778
10.7001340949836
12.6400549175759
8.55558597499343
12.9792762095443
5.65090196675211
4.23082116900416
4.01519825327289
3.48512692305873
8.443187514832
8.87938119923399
12.8523793517616
13.9335459696297
8.26887674622723
14.0488992484563
4.42388330073393
4.96277896683581
7.22240502264171
5.8264734669823
12.6444281431485
18.4051650820061
16.3429313699878
5.8384663572442
4.03742292630878
7.35604494033728
7.47025988759667
8.24578583572873
10.9551541199056
3.87123555310185
3.3463426798044
10.1480558117027
4.31607573403474
4.26025799864122
13.1772625521861
9.11900790756228
6.14410396560653
15.0407545394007
10.374947048764
6.05528617478376
9.64319688559315
4.43672460702775
9.03514933759692
12.0683956643959
8.4785648941804
5.20912385192829
5.93075525805981
8.47275255111615
9.40005345890575
18.2124464266562
5.60383258367123
24.8560682349982
13.7217951915273
8.7969616467193
6.71906116126758
8.21915923123409
12.6520899712196
7.62997329565432
6.96737221368969
10.0268902947236
17.0326739025165
25.5948476517056
4.77284757508826
4.98010107221873
9.75290542708425
12.8941852120277
3.0504300144091
22.2328788755954
13.2067085633923
4.01349423792278
5.65699463059417
10.4343557500787
5.35551470565793
5.09877469823283
8.76632521147053
10.350009647819
5.61954841013651
4.63027886141906
22.9466981518137
9.02590100161474
5.97105639554238
6.50846510974765
3.48039683413752
18.7664885777266
13.2324478861468
8.26085386612125
10.8085857908418
7.75322228970497
27.3245354101009
12.6537307760839
13.3102244961672
12.4563742008547
19.4981953304882
7.3142305960697
11.5923205933776
6.72252800109765
9.95180846561531
12.6196955218047
24.6239079369021
3.34799351377321
7.41775567909575
9.26387526960268
12.6288775350737
6.34785646145404
2.85323396440384
16.2736437645268
4.37828503096356
22.4729170514754
7.32469096557952
8.10936923833041
7.27019087095099
14.3913659756831
10.5442248242228
9.70103959463453
13.4639238262176
8.74290672651171
20.2116755569093
3.6081380620658
7.03895632463215
10.0606292368425
12.1073972665719
3.6621288024819
7.68478347962711
17.159772277902
12.969179258577
10.4543086474395
4.79966061209269
6.41849507947105
6.72751019447363
9.22659477985512
5.97223618473449
8.51928736766798
18.268701131861
9.27589706538552
9.9854909756911
10.6677354722903
17.7397905951889
9.90382282241421
2.25873819635261
13.019627648662
4.38149162587559
13.360646395096
4.94672085028825
5.85562462795684
11.1204280059169
16.7102478941718
12.8542859219853
10.9778768487614
5.60832020251983
8.52237769003678
11.9293726341454
16.2404579237679
8.00884191054741
12.8718590580555
10.7458283272146
11.35944195083
7.3555373944575
24.341978355711
4.91399314971362
11.5606804768947
10.1463552614369
15.5001321217678
11.8082994662333
14.7775860977885
2.34448626288895
7.47608852140589
2.54599375518756
12.4851744651404
4.81571337299157
8.78887789846226
18.9236893835677
10.6266766875138
8.8200453210067
9.89018684128743
7.7802062897222
17.6458050090972
13.2884978607968
4.87150305093065
12.5534527862788
5.51782371064993
21.1530026443729
18.938185351036
3.2604305658592
11.8255366598184
3.101470524156
4.56202121229533
12.2726559203522
6.84867456240146
4.97165859335292
9.9130837123482
3.49423267406447
8.47870222622264
12.0019138681214
8.45585839352607
15.382435676143
14.1065555154216
12.6425585214733
10.3274223438255
8.1313239980199
6.23051166340923
5.13991292020801
12.8814156360307
19.1753445933374
13.1020911322191
13.6922333289136
15.6102407095781
9.03489441027383
11.4000613546038
4.05265657572959
9.45158497391298
10.0445293377001
8.1885769910945
8.73557368080261
9.94893992959696
6.12140051112716
3.89378511400465
12.6146534221785
12.5880017591885
15.0734810470524
22.3542059746493
8.01867855348966
10.1532317812612
7.14771991171779
13.0331577586244
4.28096922849513
9.11588847701755
14.9620654196879
7.06613258549658
13.130111020424
3.72430457878515
7.83035853188887
8.92138986001522
5.89374868057629
9.65360884508494
9.79703074507257
18.0207240869446
9.36209780656611
4.27162924260642
9.35265745593652
5.89036512000455
3.27778677054194
29.2968723116605
21.7789350763259
3.78315810186239
10.1077271461185
2.61125777352834
7.30897022576896
10.626123043487
9.69525224711509
13.1516753647692
8.16952589801457
17.6713999339588
6.47765595865945
7.36897013122853
12.1225369803604
15.6257078871937
22.00698072107
23.326637905828
4.52464968820092
6.54190032327007
19.8059207359008
9.72881388537695
6.43622865688419
6.45411091533108
16.730290495169
3.41879918993168
25.1051149418316
13.1377931975254
8.5836901358362
6.52189756662212
13.6643896550587
13.0115021628308
11.8824371120853
5.35242246974594
5.12372058372027
5.56908876680071
20.19233068285
6.42243818463216
5.69212221668341
4.41616842394612
6.33758900551729
19.0173549928475
3.80589483208155
8.25343851261253
8.05246513105926
13.8629259405203
16.0002201259871
8.46363474430417
3.57546398450105
3.95415534232581
18.7554888003634
8.46978599609183
11.2581644847809
12.4980717172036
5.38976537183989
5.14138157387957
7.03040499041789
6.63787066016934
7.60480267394841
11.2410416373117
16.1741887023452
11.9120308400744
7.94200954249185
5.13202555045912
16.0008380309579
7.64546029119358
4.7371140297956
5.72429615615087
14.4493468001421
14.3151232053905
7.87776936381277
9.54254447727742
23.848350210532
5.69874833095161
9.26089718335554
9.82391054837682
16.9371597628582
22.1898464134977
13.5698896551502
5.23458218741423
7.30237937192311
9.66722970985414
9.24675947624324
11.0680147144626
3.08811521294526
7.22639175972977
9.62280083180453
5.66105389580679
9.24951173429832
4.96517573193442
8.10911124124633
9.26248493394887
22.1084481899185
5.34338186910094
22.9342785425962
6.44861122614611
8.07484318909964
3.8013543900117
4.26711320630501
4.74031454848021
8.89573048723223
10.8945444249619
10.7768685137311
12.5429873123458
5.83213512476796
16.0398978978208
11.7030155283224
3.94389969926552
5.30349164119322
9.88480315503628
9.46380129212122
8.1320728194216
5.87861534519151
5.83165019231209
12.4060368861931
22.0523775405045
14.4858594209084
6.52444381894105
8.12155713459763
14.4908868555783
12.1378557732505
19.1775344442747
5.68980013504952
12.6310600871756
11.6539142720609
5.49590185990348
4.13322766913175
12.9915461469059
6.85054059526416
4.27408137564263
21.5918112929978
12.5495188122453
15.987704546083
11.7022246008547
3.59049956415358
3.76067585558412
6.03632624888804
15.7583997074183
11.3778187757276
20.2800357487379
5.9169673176907
8.90792953438688
3.55769298158509
5.2578733222992
6.9913909182828
7.63479525859343
2.9650745801347
4.31125460945339
10.0624837833339
6.43027027125054
13.2858621799537
12.8242509265811
5.56169223558119
6.99743222888856
6.52584739650899
13.402852966967
12.1696089920022
15.805810279488
15.2439113095288
5.22257026676516
6.30329006875761
13.8843360937669
9.27868075047875
5.68311137202334
9.18965828307156
11.2363583701711
11.5321517419638
5.25397118799321
9.4335041883933
3.07755911009255
4.32848386313847
4.95555584896323
11.3716828044244
13.5372336756295
11.5534766150615
4.53976720794281
10.3069590404582
3.16779291714599
16.0646273628816
7.42092489082593
4.52344036080158
12.6402669258053
4.98465368955073
10.7353290222802
12.4487942199493
7.30316815795452
5.46627950320097
8.11182802920932
5.07836224104636
14.595880382988
14.4001692077394
7.80592747898291
3.71782736948024
10.7135427906536
16.8834558997801
17.6222521576284
8.02119590265484
13.4815099380331
6.61429025907489
7.13849826093798
12.6997570921712
6.74192089311591
10.4893184011722
5.33826612959609
9.53956333428855
12.1725921496126
8.89806203758156
6.91683054677225
31.0031519775271
16.3753992059805
24.2198095754972
14.9455986265481
7.93428963933709
6.0307034448925
9.99494223976056
5.5350140441751
7.46490853500382
15.3867913571407
8.61816582600953
8.74047235035922
17.3653828234248
10.3262461082845
10.4669837468677
7.17452854392489
14.0940544868639
7.09388733619191
5.65635600608511
8.33087377292792
28.1280152462046
6.81433991813186
8.17253147167232
2.61753576393237
13.1143501762841
8.21369267494356
18.8294949704881
6.50654945175818
16.8015487450001
5.1738545656413
11.7044718453108
22.5724847646971
6.27937030557378
6.27405149908161
4.70391548133809
9.41880629597707
5.16201033385767
7.4991345762805
3.5854861975747
16.2007145095689
16.9379685852899
12.7656558338513
5.48487674830943
11.6696606220555
5.58580239225064
19.8584843338549
8.69388277520061
4.7663219438577
4.64269491002575
7.31084566425051
6.61575560893033
6.65612030230688
3.13732332863934
12.0112937680286
19.712572824258
5.39072793522875
5.80260035556487
3.36843601043677
10.7989957340592
6.16168827346263
5.33795624243903
8.40392792246223
6.28955226771786
7.89823907482861
3.9199044315937
2.16624504287933
23.0013864622676
11.332639073829
5.12756316024605
6.19831481089455
6.00511194482016
3.02435405881208
13.4977080770551
12.1541328271851
6.16908325572624
4.7921004739306
8.81537639865471
11.5033145772522
5.04726751611628
7.3438278711798
3.4756551174543
11.4838949804581
3.89520941288002
5.85041176666715
6.32536670030616
5.35018540507624
5.1108812065737
10.8919866717655
10.9557048558305
7.18727319754284
4.94034359548105
3.60346601677685
7.83068784920456
7.42803574779282
6.68014572467939
25.0769914595435
8.79878925283564
3.7831205258523
10.4308625600151
9.90336064760026
9.87520531331367
4.317283984609
4.28256188484626
7.45013729555249
5.75569446051644
4.73270493692669
10.9582710682986
18.1499242324628
6.05227944013144
7.6352744544643
4.19063622143644
8.73549669947988
8.67369499123302
6.98092700274799
4.4860966187951
11.2419745687741
4.68256049447384
18.0261184310723
9.63269424018495
11.8997890359322
5.39440616415026
9.97748276471138
2.36849732861205
7.12513379849395
10.1666683138891
11.3295919094106
16.994294441023
10.5153347140945
12.0940979688909
4.27605932685331
9.34289469950476
5.05591632356032
10.1137516222397
8.72914958883829
7.45732066066069
14.3525452148517
3.72328115920217
7.32288217418881
11.3450583048374
5.55801060679349
20.4425532088374
4.88369752836769
17.6191696429643
14.2362333208698
8.1379405577318
6.20132152296224
9.49323446225535
4.79517311870906
4.36906549203817
6.14219511039363
21.879769326847
9.93096470930323
5.71588889516258
8.4292617348086
5.36285247122222
4.83215348632509
14.9407147927047
8.97205897932309
14.7700481147063
8.72895542939075
3.67006497903543
14.4850112652546
17.4919425347501
21.1463970902399
10.8275405749221
14.436241245647
9.05360699901376
2.72150128011884
12.169588581001
10.0011657752963
5.5822325322939
10.5668531201125
14.3678321943906
5.02572269959815
4.04296117357941
3.84186935305801
19.0926245204608
3.81226190444413
3.10636422175729
8.90675516772282
10.4683552276901
9.99645605659135
7.75781458215825
4.75090059201791
17.4386474239089
16.5208219312906
8.02144505833782
9.18124451083514
14.8848232925566
7.31606333691567
7.1699036175802
5.3768679510737
14.408967640991
3.36392763669911
8.43851324592715
16.2807011234924
8.52443893838115
6.2014059692492
6.81595446956247
4.99783819246305
5.18783684898076
13.3917608545331
18.5303607887019
13.7688655041036
14.6863661263261
9.87010257892825
3.67778809268567
7.92076919529
24.5026252678378
8.67642928069022
11.8670604434231
3.86533848793299
16.8858820777053
6.22575639918072
5.16109562724799
10.8353615875175
7.16981021158998
13.8418409981808
14.8854303987312
7.9590224691247
15.4527408498518
7.20997344483305
7.96019621882335
4.13704041882015
7.09175552911305
4.61385997086322
6.61357770010673
5.82670191988789
6.48936387116721
5.45478540787543
4.27228683133822
11.1819333773699
11.0152803519579
12.5700344416252
12.6453103803489
2.83205271606722
16.6566335273706
3.6301041579222
4.82321269830857
16.7066397126031
18.0371898781953
5.04597143793996
15.2711194387074
4.50435618181896
7.34283749115942
13.5154360056337
12.1517813129256
6.48808974206294
9.68544482309732
9.26315717823424
26.2786376477506
6.01957181095666
18.424004510039
14.3476410750702
15.6225228642137
13.6459527511366
4.31106571424898
9.16994926798835
10.0088472292279
11.6895236259787
17.5769134295544
12.3799759841989
11.9650685461986
18.0055559457815
10.298563605792
5.6095149637847
23.0836759290625
14.1698269796918
6.92766483063825
6.34242727312903
5.70516221376613
8.42374923393296
14.8007192838105
14.6699190090216
5.22191469885162
9.29983439039472
17.8826541549916
2.74702951659665
2.97015121442483
8.30413899591156
6.69588576591339
8.30917373904718
7.89056863794408
8.29307140182747
2.99997662114977
5.46023234644904
5.09288620796942
19.7311619619626
7.48427275452892
8.31202190071044
8.41897485882143
9.59289324403466
22.5327604942619
7.80924593743893
18.1351905479717
15.6002909088468
7.73270206176533
17.2109008499225
6.27591265476551
3.04580693804063
11.0239919986475
3.67605051475355
12.0533597658931
6.63942816770388
27.3824688754957
14.0661047297978
9.03116433488667
9.55403537625626
13.5414931701829
7.83340291432731
10.7884873143197
5.48958753023724
14.9867623028111
4.38587062348196
8.29334034116598
14.3821931575755
8.61192794337317
14.5434637575692
6.65066441462626
15.3819750895101
17.0021625218804
13.1940105428561
6.95778957674402
18.0444888136156
8.36123866203081
22.019417205979
5.34355854631821
6.12165755886007
21.055969451742
17.9390827505431
4.41423054675717
14.7937184197988
13.0981616467382
10.3165798338573
7.66702817623265
5.31375553715557
8.45142646672266
14.3699011173597
5.39760805226042
18.2251910135632
5.91334081268881
7.73090926854114
3.89101459290561
11.6039345679855
18.9349533421345
9.84051178353896
10.8032552246967
6.39158697089167
13.7784063519095
11.494697095661
7.72558301321236
8.86174305820701
9.86658905406822
7.42842642279173
16.379733077098
14.072026643598
5.20945051168738
11.3141397710092
2.54982586264059
5.73435708091123
7.6567879632156
4.95119804376951
15.6427830396424
15.7028423920263
4.11162797097367
11.8244598123216
8.34015429502681
25.1478174891529
7.87952328387305
24.0477750547647
15.4504807781872
10.4871578045053
8.12658933851291
3.12864695144114
7.66597443083702
15.4434593279285
7.61133869474283
16.4826698553328
6.13032524738114
6.34572185490593
19.4606044212686
11.6308706175356
4.1248072901123
17.5188800691403
6.82292721791738
18.2428841954068
8.20278455695929
10.1314261124584
13.5976710826975
18.9246733598481
3.5561490883615
10.54711044229
7.52862763568413
15.0796223914894
12.2862541463877
12.365319174413
16.6906218571081
14.8592412948221
13.4846556833148
16.6400622600409
8.31826353434787
9.90599892988242
15.2055913847444
12.9429724847967
6.50316956635777
18.5630547490814
3.31974739660292
9.58218999667882
10.4643138341362
10.6514814221482
9.34141903102921
10.8486718181415
8.14599490339736
17.2601181441999
5.77738782423366
6.79952648085379
14.0264112774572
6.73378932440546
5.3594042941158
8.076655726067
8.11734973021039
13.1318770080159
11.9006810901271
9.07699977696822
15.1002999941962
7.82999491442627
6.19431778729349
10.5499114559572